(kicad_pcb (version 20171130) (host pcbnew 5.1.2-f72e74a~84~ubuntu16.04.1)

  (general
    (thickness 1.6)
    (drawings 6)
    (tracks 0)
    (zones 0)
    (modules 200)
    (nets 256)
  )

  (page A4)
  (layers
    (0 F.Cu signal)
    (1 In1.Cu power hide)
    (2 In2.Cu power hide)
    (31 B.Cu signal hide)
    (32 B.Adhes user hide)
    (33 F.Adhes user hide)
    (34 B.Paste user)
    (35 F.Paste user hide)
    (36 B.SilkS user)
    (37 F.SilkS user)
    (38 B.Mask user)
    (39 F.Mask user)
    (40 Dwgs.User user)
    (41 Cmts.User user)
    (42 Eco1.User user)
    (43 Eco2.User user)
    (44 Edge.Cuts user)
    (45 Margin user)
    (46 B.CrtYd user)
    (47 F.CrtYd user)
    (48 B.Fab user)
    (49 F.Fab user)
  )

  (setup
    (last_trace_width 0.25)
    (user_trace_width 0.25)
    (trace_clearance 0.2)
    (zone_clearance 0.508)
    (zone_45_only no)
    (trace_min 0.2)
    (via_size 0.8)
    (via_drill 0.4)
    (via_min_size 0.4)
    (via_min_drill 0.3)
    (user_via 0.74 0.3)
    (uvia_size 0.3)
    (uvia_drill 0.1)
    (uvias_allowed no)
    (uvia_min_size 0.2)
    (uvia_min_drill 0.1)
    (edge_width 0.1)
    (segment_width 0.2)
    (pcb_text_width 0.3)
    (pcb_text_size 1.5 1.5)
    (mod_edge_width 0.15)
    (mod_text_size 1 1)
    (mod_text_width 0.15)
    (pad_size 1.524 1.524)
    (pad_drill 0.762)
    (pad_to_mask_clearance 0)
    (aux_axis_origin 0 0)
    (visible_elements 7FFFF77F)
    (pcbplotparams
      (layerselection 0x010fc_ffffffff)
      (usegerberextensions false)
      (usegerberattributes false)
      (usegerberadvancedattributes false)
      (creategerberjobfile false)
      (excludeedgelayer true)
      (linewidth 0.100000)
      (plotframeref false)
      (viasonmask false)
      (mode 1)
      (useauxorigin false)
      (hpglpennumber 1)
      (hpglpenspeed 20)
      (hpglpendiameter 15.000000)
      (psnegative false)
      (psa4output false)
      (plotreference true)
      (plotvalue true)
      (plotinvisibletext false)
      (padsonsilk false)
      (subtractmaskfromsilk false)
      (outputformat 1)
      (mirror false)
      (drillshape 1)
      (scaleselection 1)
      (outputdirectory ""))
  )

  (net 0 "")
  (net 1 +3V3)
  (net 2 GND)
  (net 3 Power)
  (net 4 "Net-(C11-Pad1)")
  (net 5 "Net-(C11-Pad2)")
  (net 6 +1V2)
  (net 7 "Net-(C17-Pad1)")
  (net 8 +1V8_FT)
  (net 9 "Net-(C22-Pad2)")
  (net 10 "Net-(C23-Pad2)")
  (net 11 "Net-(C24-Pad1)")
  (net 12 U_SW1)
  (net 13 U_SW2)
  (net 14 +5V)
  (net 15 "Net-(C38-Pad1)")
  (net 16 "Net-(C39-Pad1)")
  (net 17 "Net-(C40-Pad1)")
  (net 18 "Net-(C41-Pad2)")
  (net 19 "Net-(C42-Pad1)")
  (net 20 "Net-(C43-Pad1)")
  (net 21 "Net-(C44-Pad1)")
  (net 22 "Net-(C51-Pad1)")
  (net 23 "Net-(C52-Pad1)")
  (net 24 "Net-(C53-Pad1)")
  (net 25 "Net-(C54-Pad1)")
  (net 26 "Net-(C55-Pad1)")
  (net 27 "Net-(C56-Pad1)")
  (net 28 "Net-(C57-Pad1)")
  (net 29 "Net-(C58-Pad1)")
  (net 30 "Net-(C60-Pad2)")
  (net 31 "Net-(C61-Pad1)")
  (net 32 "Net-(C61-Pad2)")
  (net 33 "Net-(C62-Pad1)")
  (net 34 +5V_P)
  (net 35 "Net-(C63-Pad2)")
  (net 36 +3V3_AUX)
  (net 37 "Net-(C66-Pad1)")
  (net 38 "Net-(C67-Pad1)")
  (net 39 "Net-(C71-Pad1)")
  (net 40 "Net-(D1-Pad1)")
  (net 41 "Net-(D2-Pad1)")
  (net 42 SYS_RESET)
  (net 43 FPGA_RESET)
  (net 44 VIN)
  (net 45 "/Power Supply/5V_P_CTL")
  (net 46 "Net-(D11-Pad2)")
  (net 47 "Net-(D11-Pad3)")
  (net 48 "Net-(D12-PadA)")
  (net 49 USB_5V)
  (net 50 /USB_communication/USB_P)
  (net 51 /USB_communication/USB_N)
  (net 52 /socketsAndHeaders/D8)
  (net 53 /socketsAndHeaders/D9)
  (net 54 /socketsAndHeaders/D10)
  (net 55 /socketsAndHeaders/D11)
  (net 56 /socketsAndHeaders/D12)
  (net 57 /socketsAndHeaders/D13)
  (net 58 AREF)
  (net 59 /socketsAndHeaders/DD4)
  (net 60 /socketsAndHeaders/DD5)
  (net 61 "Net-(J5-Pad1)")
  (net 62 /socketsAndHeaders/D7)
  (net 63 /socketsAndHeaders/D6)
  (net 64 /socketsAndHeaders/D5)
  (net 65 /socketsAndHeaders/D4)
  (net 66 /socketsAndHeaders/D3)
  (net 67 /socketsAndHeaders/D2)
  (net 68 /socketsAndHeaders/D1)
  (net 69 /socketsAndHeaders/D0)
  (net 70 /socketsAndHeaders/DD0)
  (net 71 /socketsAndHeaders/DD1)
  (net 72 /socketsAndHeaders/DD2)
  (net 73 /socketsAndHeaders/DD3)
  (net 74 "Net-(J17-Pad4)")
  (net 75 "Net-(J17-Pad3)")
  (net 76 "Net-(J17-Pad2)")
  (net 77 "Net-(J17-Pad1)")
  (net 78 FPGA_037_IO_PIN)
  (net 79 FPGA_038_IO_PIN)
  (net 80 FPGA_039_IO_PIN)
  (net 81 FPGA_041_IO_PIN)
  (net 82 FPGA_042_IO_PIN)
  (net 83 FPGA_043_IO_PIN)
  (net 84 FPGA_049_GBIN5)
  (net 85 FPGA_050_GBIN4)
  (net 86 "Net-(JP1-Pad2)")
  (net 87 "Net-(L5-Pad1)")
  (net 88 "Net-(LD0-PadA)")
  (net 89 "Net-(LD1-PadA)")
  (net 90 "Net-(LD2-PadA)")
  (net 91 "Net-(LD3-PadA)")
  (net 92 "Net-(LD4-PadA)")
  (net 93 "Net-(LD5-PadA)")
  (net 94 "Net-(LD6-PadA)")
  (net 95 "Net-(LD7-PadA)")
  (net 96 "Net-(LD8-PadK)")
  (net 97 "Net-(LD9-PadK)")
  (net 98 "Net-(LD10-PadK)")
  (net 99 "Net-(Q4-Pad3)")
  (net 100 "Net-(Q5-Pad1)")
  (net 101 "Net-(Q5-Pad3)")
  (net 102 iCE_CDONE)
  (net 103 iCE_CREST)
  (net 104 "Net-(R4-Pad1)")
  (net 105 iCE_SCK)
  (net 106 iCE_SS_B)
  (net 107 "Net-(R7-Pad2)")
  (net 108 "Net-(R8-Pad2)")
  (net 109 "Net-(R10-Pad2)")
  (net 110 "Net-(R11-Pad2)")
  (net 111 /USB_communication/FT_CS)
  (net 112 /USB_communication/FT_CLK)
  (net 113 "Net-(R14-Pad2)")
  (net 114 /USB_communication/FT_DATA)
  (net 115 "Net-(R16-Pad1)")
  (net 116 iCE_CLK)
  (net 117 LED_0)
  (net 118 LED_1)
  (net 119 ADC_SCL)
  (net 120 ADC_SDA)
  (net 121 "Net-(R33-Pad2)")
  (net 122 LED_2)
  (net 123 LED_3)
  (net 124 LED_4)
  (net 125 LED_5)
  (net 126 LED_6)
  (net 127 LED_7)
  (net 128 "Net-(R47-Pad1)")
  (net 129 "Net-(R48-Pad1)")
  (net 130 "Net-(SW3-Pad1)")
  (net 131 FT_DCD)
  (net 132 FT_DSR)
  (net 133 FT_DTR)
  (net 134 FT_CTS)
  (net 135 FT_RTS)
  (net 136 FT_RX)
  (net 137 FT_TX)
  (net 138 "Net-(U1-Pad12)")
  (net 139 "Net-(U1-Pad15)")
  (net 140 "Net-(U1-Pad16)")
  (net 141 "Net-(U1-Pad17)")
  (net 142 "Net-(U1-Pad18)")
  (net 143 "Net-(U1-Pad19)")
  (net 144 "Net-(U1-Pad20)")
  (net 145 "Net-(U1-Pad22)")
  (net 146 "Net-(U1-Pad23)")
  (net 147 "Net-(U1-Pad24)")
  (net 148 "Net-(U1-Pad25)")
  (net 149 "Net-(U1-Pad26)")
  (net 150 "Net-(U1-Pad28)")
  (net 151 "Net-(U1-Pad29)")
  (net 152 "Net-(U1-Pad31)")
  (net 153 "Net-(U1-Pad32)")
  (net 154 "Net-(U1-Pad33)")
  (net 155 "Net-(U1-Pad34)")
  (net 156 "Net-(U1-Pad40)")
  (net 157 "Net-(U1-Pad44)")
  (net 158 "Net-(U1-Pad45)")
  (net 159 "Net-(U1-Pad47)")
  (net 160 "Net-(U1-Pad48)")
  (net 161 "Net-(U1-Pad52)")
  (net 162 "Net-(U1-Pad53)")
  (net 163 "Net-(U1-Pad54)")
  (net 164 "Net-(U1-Pad55)")
  (net 165 "Net-(U1-Pad56)")
  (net 166 "Net-(U1-Pad58)")
  (net 167 "Net-(U1-Pad60)")
  (net 168 "Net-(U1-Pad61)")
  (net 169 "Net-(U1-Pad62)")
  (net 170 "Net-(U1-Pad63)")
  (net 171 "Net-(U1-Pad64)")
  (net 172 iCE_MOSI)
  (net 173 iCE_MISO)
  (net 174 "Net-(U1-Pad73)")
  (net 175 "Net-(U1-Pad74)")
  (net 176 "Net-(U1-Pad75)")
  (net 177 "Net-(U1-Pad76)")
  (net 178 FPGA_078_IO_PIN)
  (net 179 FPGA_079_IO_PIN)
  (net 180 FPGA_080_IO_PIN)
  (net 181 FPGA_081_IO_PIN)
  (net 182 "Net-(U1-Pad82)")
  (net 183 "Net-(U1-Pad83)")
  (net 184 "Net-(U1-Pad84)")
  (net 185 "Net-(U1-Pad85)")
  (net 186 FPGA_087_IO_PIN)
  (net 187 FPGA_088_IO_PIN)
  (net 188 ADC_INT)
  (net 189 "Net-(U1-Pad94)")
  (net 190 "Net-(U1-Pad105)")
  (net 191 "Net-(U1-Pad106)")
  (net 192 "Net-(U1-Pad107)")
  (net 193 "Net-(U1-Pad108)")
  (net 194 "Net-(U1-Pad110)")
  (net 195 FPGA_112_IO_PIN)
  (net 196 FPGA_113_IO_PIN)
  (net 197 FPGA_114_IO_PIN)
  (net 198 FPGA_115_IO_PIN)
  (net 199 FPGA_116_IO_PIN)
  (net 200 FPGA_117_IO_PIN)
  (net 201 FPGA_118_IO_PIN)
  (net 202 FPGA_119_IO_PIN)
  (net 203 "Net-(U1-Pad120)")
  (net 204 "Net-(U1-Pad121)")
  (net 205 "Net-(U1-Pad122)")
  (net 206 "Net-(U1-Pad124)")
  (net 207 "Net-(U1-Pad125)")
  (net 208 "Net-(U1-Pad126)")
  (net 209 "Net-(U1-Pad127)")
  (net 210 "Net-(U1-Pad128)")
  (net 211 "Net-(U1-Pad129)")
  (net 212 "Net-(U1-Pad130)")
  (net 213 "Net-(U1-Pad131)")
  (net 214 "Net-(U1-Pad134)")
  (net 215 "Net-(U1-Pad135)")
  (net 216 "Net-(U1-Pad136)")
  (net 217 "Net-(U1-Pad137)")
  (net 218 FPGA_138_IO_PIN)
  (net 219 FPGA_139_IO_PIN)
  (net 220 FPGA_141_IO_PIN)
  (net 221 FPGA_142_IO_PIN)
  (net 222 FPGA_143_IO_PIN)
  (net 223 FPGA_144_IO_PIN)
  (net 224 "Net-(U3-Pad3)")
  (net 225 "Net-(U3-Pad19)")
  (net 226 "Net-(U3-Pad22)")
  (net 227 "Net-(U3-Pad26)")
  (net 228 "Net-(U3-Pad27)")
  (net 229 "Net-(U3-Pad28)")
  (net 230 "Net-(U3-Pad29)")
  (net 231 "Net-(U3-Pad30)")
  (net 232 "Net-(U3-Pad32)")
  (net 233 "Net-(U3-Pad33)")
  (net 234 "Net-(U3-Pad34)")
  (net 235 "Net-(U3-Pad36)")
  (net 236 "Net-(U3-Pad46)")
  (net 237 "Net-(U3-Pad48)")
  (net 238 "Net-(U3-Pad52)")
  (net 239 "Net-(U3-Pad53)")
  (net 240 "Net-(U3-Pad57)")
  (net 241 "Net-(U3-Pad58)")
  (net 242 "Net-(U3-Pad59)")
  (net 243 "Net-(U3-Pad60)")
  (net 244 "Net-(U5-Pad7)")
  (net 245 "Net-(U7-Pad7)")
  (net 246 "Net-(U7-Pad13)")
  (net 247 "Net-(U8-Pad18)")
  (net 248 "Net-(U8-Pad20)")
  (net 249 "Net-(U8-Pad3)")
  (net 250 "Net-(U8-Pad1)")
  (net 251 "Net-(U10-Pad2)")
  (net 252 "Net-(U10-Pad3)")
  (net 253 "Net-(U10-Pad6)")
  (net 254 "Net-(U10-Pad7)")
  (net 255 "Net-(U12-Pad4)")

  (net_class Default "Esta es la clase de red por defecto."
    (clearance 0.2)
    (trace_width 0.25)
    (via_dia 0.8)
    (via_drill 0.4)
    (uvia_dia 0.3)
    (uvia_drill 0.1)
    (add_net +1V2)
    (add_net +1V8_FT)
    (add_net +3V3)
    (add_net +3V3_AUX)
    (add_net +5V)
    (add_net +5V_P)
    (add_net "/Power Supply/5V_P_CTL")
    (add_net /USB_communication/FT_CLK)
    (add_net /USB_communication/FT_CS)
    (add_net /USB_communication/FT_DATA)
    (add_net /USB_communication/USB_N)
    (add_net /USB_communication/USB_P)
    (add_net /socketsAndHeaders/D0)
    (add_net /socketsAndHeaders/D1)
    (add_net /socketsAndHeaders/D10)
    (add_net /socketsAndHeaders/D11)
    (add_net /socketsAndHeaders/D12)
    (add_net /socketsAndHeaders/D13)
    (add_net /socketsAndHeaders/D2)
    (add_net /socketsAndHeaders/D3)
    (add_net /socketsAndHeaders/D4)
    (add_net /socketsAndHeaders/D5)
    (add_net /socketsAndHeaders/D6)
    (add_net /socketsAndHeaders/D7)
    (add_net /socketsAndHeaders/D8)
    (add_net /socketsAndHeaders/D9)
    (add_net /socketsAndHeaders/DD0)
    (add_net /socketsAndHeaders/DD1)
    (add_net /socketsAndHeaders/DD2)
    (add_net /socketsAndHeaders/DD3)
    (add_net /socketsAndHeaders/DD4)
    (add_net /socketsAndHeaders/DD5)
    (add_net ADC_INT)
    (add_net ADC_SCL)
    (add_net ADC_SDA)
    (add_net AREF)
    (add_net FPGA_037_IO_PIN)
    (add_net FPGA_038_IO_PIN)
    (add_net FPGA_039_IO_PIN)
    (add_net FPGA_041_IO_PIN)
    (add_net FPGA_042_IO_PIN)
    (add_net FPGA_043_IO_PIN)
    (add_net FPGA_049_GBIN5)
    (add_net FPGA_050_GBIN4)
    (add_net FPGA_078_IO_PIN)
    (add_net FPGA_079_IO_PIN)
    (add_net FPGA_080_IO_PIN)
    (add_net FPGA_081_IO_PIN)
    (add_net FPGA_087_IO_PIN)
    (add_net FPGA_088_IO_PIN)
    (add_net FPGA_112_IO_PIN)
    (add_net FPGA_113_IO_PIN)
    (add_net FPGA_114_IO_PIN)
    (add_net FPGA_115_IO_PIN)
    (add_net FPGA_116_IO_PIN)
    (add_net FPGA_117_IO_PIN)
    (add_net FPGA_118_IO_PIN)
    (add_net FPGA_119_IO_PIN)
    (add_net FPGA_138_IO_PIN)
    (add_net FPGA_139_IO_PIN)
    (add_net FPGA_141_IO_PIN)
    (add_net FPGA_142_IO_PIN)
    (add_net FPGA_143_IO_PIN)
    (add_net FPGA_144_IO_PIN)
    (add_net FPGA_RESET)
    (add_net FT_CTS)
    (add_net FT_DCD)
    (add_net FT_DSR)
    (add_net FT_DTR)
    (add_net FT_RTS)
    (add_net FT_RX)
    (add_net FT_TX)
    (add_net GND)
    (add_net LED_0)
    (add_net LED_1)
    (add_net LED_2)
    (add_net LED_3)
    (add_net LED_4)
    (add_net LED_5)
    (add_net LED_6)
    (add_net LED_7)
    (add_net "Net-(C11-Pad1)")
    (add_net "Net-(C11-Pad2)")
    (add_net "Net-(C17-Pad1)")
    (add_net "Net-(C22-Pad2)")
    (add_net "Net-(C23-Pad2)")
    (add_net "Net-(C24-Pad1)")
    (add_net "Net-(C38-Pad1)")
    (add_net "Net-(C39-Pad1)")
    (add_net "Net-(C40-Pad1)")
    (add_net "Net-(C41-Pad2)")
    (add_net "Net-(C42-Pad1)")
    (add_net "Net-(C43-Pad1)")
    (add_net "Net-(C44-Pad1)")
    (add_net "Net-(C51-Pad1)")
    (add_net "Net-(C52-Pad1)")
    (add_net "Net-(C53-Pad1)")
    (add_net "Net-(C54-Pad1)")
    (add_net "Net-(C55-Pad1)")
    (add_net "Net-(C56-Pad1)")
    (add_net "Net-(C57-Pad1)")
    (add_net "Net-(C58-Pad1)")
    (add_net "Net-(C60-Pad2)")
    (add_net "Net-(C61-Pad1)")
    (add_net "Net-(C61-Pad2)")
    (add_net "Net-(C62-Pad1)")
    (add_net "Net-(C63-Pad2)")
    (add_net "Net-(C66-Pad1)")
    (add_net "Net-(C67-Pad1)")
    (add_net "Net-(C71-Pad1)")
    (add_net "Net-(D1-Pad1)")
    (add_net "Net-(D11-Pad2)")
    (add_net "Net-(D11-Pad3)")
    (add_net "Net-(D12-PadA)")
    (add_net "Net-(D2-Pad1)")
    (add_net "Net-(J17-Pad1)")
    (add_net "Net-(J17-Pad2)")
    (add_net "Net-(J17-Pad3)")
    (add_net "Net-(J17-Pad4)")
    (add_net "Net-(J5-Pad1)")
    (add_net "Net-(JP1-Pad2)")
    (add_net "Net-(L5-Pad1)")
    (add_net "Net-(LD0-PadA)")
    (add_net "Net-(LD1-PadA)")
    (add_net "Net-(LD10-PadK)")
    (add_net "Net-(LD2-PadA)")
    (add_net "Net-(LD3-PadA)")
    (add_net "Net-(LD4-PadA)")
    (add_net "Net-(LD5-PadA)")
    (add_net "Net-(LD6-PadA)")
    (add_net "Net-(LD7-PadA)")
    (add_net "Net-(LD8-PadK)")
    (add_net "Net-(LD9-PadK)")
    (add_net "Net-(Q4-Pad3)")
    (add_net "Net-(Q5-Pad1)")
    (add_net "Net-(Q5-Pad3)")
    (add_net "Net-(R10-Pad2)")
    (add_net "Net-(R11-Pad2)")
    (add_net "Net-(R14-Pad2)")
    (add_net "Net-(R16-Pad1)")
    (add_net "Net-(R33-Pad2)")
    (add_net "Net-(R4-Pad1)")
    (add_net "Net-(R47-Pad1)")
    (add_net "Net-(R48-Pad1)")
    (add_net "Net-(R7-Pad2)")
    (add_net "Net-(R8-Pad2)")
    (add_net "Net-(SW3-Pad1)")
    (add_net "Net-(U1-Pad105)")
    (add_net "Net-(U1-Pad106)")
    (add_net "Net-(U1-Pad107)")
    (add_net "Net-(U1-Pad108)")
    (add_net "Net-(U1-Pad110)")
    (add_net "Net-(U1-Pad12)")
    (add_net "Net-(U1-Pad120)")
    (add_net "Net-(U1-Pad121)")
    (add_net "Net-(U1-Pad122)")
    (add_net "Net-(U1-Pad124)")
    (add_net "Net-(U1-Pad125)")
    (add_net "Net-(U1-Pad126)")
    (add_net "Net-(U1-Pad127)")
    (add_net "Net-(U1-Pad128)")
    (add_net "Net-(U1-Pad129)")
    (add_net "Net-(U1-Pad130)")
    (add_net "Net-(U1-Pad131)")
    (add_net "Net-(U1-Pad134)")
    (add_net "Net-(U1-Pad135)")
    (add_net "Net-(U1-Pad136)")
    (add_net "Net-(U1-Pad137)")
    (add_net "Net-(U1-Pad15)")
    (add_net "Net-(U1-Pad16)")
    (add_net "Net-(U1-Pad17)")
    (add_net "Net-(U1-Pad18)")
    (add_net "Net-(U1-Pad19)")
    (add_net "Net-(U1-Pad20)")
    (add_net "Net-(U1-Pad22)")
    (add_net "Net-(U1-Pad23)")
    (add_net "Net-(U1-Pad24)")
    (add_net "Net-(U1-Pad25)")
    (add_net "Net-(U1-Pad26)")
    (add_net "Net-(U1-Pad28)")
    (add_net "Net-(U1-Pad29)")
    (add_net "Net-(U1-Pad31)")
    (add_net "Net-(U1-Pad32)")
    (add_net "Net-(U1-Pad33)")
    (add_net "Net-(U1-Pad34)")
    (add_net "Net-(U1-Pad40)")
    (add_net "Net-(U1-Pad44)")
    (add_net "Net-(U1-Pad45)")
    (add_net "Net-(U1-Pad47)")
    (add_net "Net-(U1-Pad48)")
    (add_net "Net-(U1-Pad52)")
    (add_net "Net-(U1-Pad53)")
    (add_net "Net-(U1-Pad54)")
    (add_net "Net-(U1-Pad55)")
    (add_net "Net-(U1-Pad56)")
    (add_net "Net-(U1-Pad58)")
    (add_net "Net-(U1-Pad60)")
    (add_net "Net-(U1-Pad61)")
    (add_net "Net-(U1-Pad62)")
    (add_net "Net-(U1-Pad63)")
    (add_net "Net-(U1-Pad64)")
    (add_net "Net-(U1-Pad73)")
    (add_net "Net-(U1-Pad74)")
    (add_net "Net-(U1-Pad75)")
    (add_net "Net-(U1-Pad76)")
    (add_net "Net-(U1-Pad82)")
    (add_net "Net-(U1-Pad83)")
    (add_net "Net-(U1-Pad84)")
    (add_net "Net-(U1-Pad85)")
    (add_net "Net-(U1-Pad94)")
    (add_net "Net-(U10-Pad2)")
    (add_net "Net-(U10-Pad3)")
    (add_net "Net-(U10-Pad6)")
    (add_net "Net-(U10-Pad7)")
    (add_net "Net-(U12-Pad4)")
    (add_net "Net-(U3-Pad19)")
    (add_net "Net-(U3-Pad22)")
    (add_net "Net-(U3-Pad26)")
    (add_net "Net-(U3-Pad27)")
    (add_net "Net-(U3-Pad28)")
    (add_net "Net-(U3-Pad29)")
    (add_net "Net-(U3-Pad3)")
    (add_net "Net-(U3-Pad30)")
    (add_net "Net-(U3-Pad32)")
    (add_net "Net-(U3-Pad33)")
    (add_net "Net-(U3-Pad34)")
    (add_net "Net-(U3-Pad36)")
    (add_net "Net-(U3-Pad46)")
    (add_net "Net-(U3-Pad48)")
    (add_net "Net-(U3-Pad52)")
    (add_net "Net-(U3-Pad53)")
    (add_net "Net-(U3-Pad57)")
    (add_net "Net-(U3-Pad58)")
    (add_net "Net-(U3-Pad59)")
    (add_net "Net-(U3-Pad60)")
    (add_net "Net-(U5-Pad7)")
    (add_net "Net-(U7-Pad13)")
    (add_net "Net-(U7-Pad7)")
    (add_net "Net-(U8-Pad1)")
    (add_net "Net-(U8-Pad18)")
    (add_net "Net-(U8-Pad20)")
    (add_net "Net-(U8-Pad3)")
    (add_net Power)
    (add_net SYS_RESET)
    (add_net USB_5V)
    (add_net U_SW1)
    (add_net U_SW2)
    (add_net VIN)
    (add_net iCE_CDONE)
    (add_net iCE_CLK)
    (add_net iCE_CREST)
    (add_net iCE_MISO)
    (add_net iCE_MOSI)
    (add_net iCE_SCK)
    (add_net iCE_SS_B)
  )

  (module footprints:C_0402 (layer F.Cu) (tedit 579485CC) (tstamp 5D0A409D)
    (at 170.1 95.2)
    (descr "Capacitor SMD 0402, reflow soldering, AVX (see smccp.pdf)")
    (tags "capacitor 0402")
    (path /5CF846EC/5CFBC8EC)
    (attr smd)
    (fp_text reference C1 (at 0.127 -1.0414) (layer Eco2.User)
      (effects (font (size 0.5 0.5) (thickness 0.04)))
    )
    (fp_text value "100 nF" (at 0 0.9906) (layer Eco2.User) hide
      (effects (font (size 0.5 0.5) (thickness 0.04)))
    )
    (fp_line (start -0.9525 -0.508) (end 0.9398 -0.508) (layer F.CrtYd) (width 0.05))
    (fp_line (start 0.9398 -0.508) (end 0.9398 0.508) (layer F.CrtYd) (width 0.05))
    (fp_line (start 0.9398 0.508) (end -0.9525 0.508) (layer F.CrtYd) (width 0.05))
    (fp_line (start -0.9525 0.508) (end -0.9525 -0.508) (layer F.CrtYd) (width 0.05))
    (fp_line (start -0.1016 0) (end 0.1016 0) (layer F.CrtYd) (width 0.05))
    (fp_line (start 0 -0.1016) (end 0 0.1016) (layer F.CrtYd) (width 0.05))
    (fp_line (start -0.0635 0.254) (end 0.0635 0.254) (layer F.SilkS) (width 0.2032))
    (fp_line (start -0.0635 -0.254) (end 0.0635 -0.254) (layer F.SilkS) (width 0.2032))
    (pad 1 smd rect (at -0.4826 0) (size 0.4572 0.508) (layers F.Cu F.Paste F.Mask)
      (net 1 +3V3))
    (pad 2 smd rect (at 0.4826 0) (size 0.4572 0.508) (layers F.Cu F.Paste F.Mask)
      (net 2 GND))
    (model ${KIPRJMOD}/packages3d/C_0402.wrl
      (at (xyz 0 0 0))
      (scale (xyz 1 1 1))
      (rotate (xyz 0 0 0))
    )
  )

  (module footprints:C_0402 (layer F.Cu) (tedit 579485CC) (tstamp 5D0A40AB)
    (at 170.1 97.2)
    (descr "Capacitor SMD 0402, reflow soldering, AVX (see smccp.pdf)")
    (tags "capacitor 0402")
    (path /5CF846EC/5CFBD421)
    (attr smd)
    (fp_text reference C2 (at 0.127 -1.0414) (layer Eco2.User)
      (effects (font (size 0.5 0.5) (thickness 0.04)))
    )
    (fp_text value "100 nF" (at 0 0.9906) (layer Eco2.User) hide
      (effects (font (size 0.5 0.5) (thickness 0.04)))
    )
    (fp_line (start -0.0635 -0.254) (end 0.0635 -0.254) (layer F.SilkS) (width 0.2032))
    (fp_line (start -0.0635 0.254) (end 0.0635 0.254) (layer F.SilkS) (width 0.2032))
    (fp_line (start 0 -0.1016) (end 0 0.1016) (layer F.CrtYd) (width 0.05))
    (fp_line (start -0.1016 0) (end 0.1016 0) (layer F.CrtYd) (width 0.05))
    (fp_line (start -0.9525 0.508) (end -0.9525 -0.508) (layer F.CrtYd) (width 0.05))
    (fp_line (start 0.9398 0.508) (end -0.9525 0.508) (layer F.CrtYd) (width 0.05))
    (fp_line (start 0.9398 -0.508) (end 0.9398 0.508) (layer F.CrtYd) (width 0.05))
    (fp_line (start -0.9525 -0.508) (end 0.9398 -0.508) (layer F.CrtYd) (width 0.05))
    (pad 2 smd rect (at 0.4826 0) (size 0.4572 0.508) (layers F.Cu F.Paste F.Mask)
      (net 2 GND))
    (pad 1 smd rect (at -0.4826 0) (size 0.4572 0.508) (layers F.Cu F.Paste F.Mask)
      (net 1 +3V3))
    (model ${KIPRJMOD}/packages3d/C_0402.wrl
      (at (xyz 0 0 0))
      (scale (xyz 1 1 1))
      (rotate (xyz 0 0 0))
    )
  )

  (module footprints:C_0402 (layer F.Cu) (tedit 579485CC) (tstamp 5D0A40B9)
    (at 170.1 99.5)
    (descr "Capacitor SMD 0402, reflow soldering, AVX (see smccp.pdf)")
    (tags "capacitor 0402")
    (path /5CF846EC/5CFBD789)
    (attr smd)
    (fp_text reference C3 (at 0.127 -1.0414) (layer Eco2.User)
      (effects (font (size 0.5 0.5) (thickness 0.04)))
    )
    (fp_text value "100 nF" (at 0 0.9906) (layer Eco2.User) hide
      (effects (font (size 0.5 0.5) (thickness 0.04)))
    )
    (fp_line (start -0.9525 -0.508) (end 0.9398 -0.508) (layer F.CrtYd) (width 0.05))
    (fp_line (start 0.9398 -0.508) (end 0.9398 0.508) (layer F.CrtYd) (width 0.05))
    (fp_line (start 0.9398 0.508) (end -0.9525 0.508) (layer F.CrtYd) (width 0.05))
    (fp_line (start -0.9525 0.508) (end -0.9525 -0.508) (layer F.CrtYd) (width 0.05))
    (fp_line (start -0.1016 0) (end 0.1016 0) (layer F.CrtYd) (width 0.05))
    (fp_line (start 0 -0.1016) (end 0 0.1016) (layer F.CrtYd) (width 0.05))
    (fp_line (start -0.0635 0.254) (end 0.0635 0.254) (layer F.SilkS) (width 0.2032))
    (fp_line (start -0.0635 -0.254) (end 0.0635 -0.254) (layer F.SilkS) (width 0.2032))
    (pad 1 smd rect (at -0.4826 0) (size 0.4572 0.508) (layers F.Cu F.Paste F.Mask)
      (net 1 +3V3))
    (pad 2 smd rect (at 0.4826 0) (size 0.4572 0.508) (layers F.Cu F.Paste F.Mask)
      (net 2 GND))
    (model ${KIPRJMOD}/packages3d/C_0402.wrl
      (at (xyz 0 0 0))
      (scale (xyz 1 1 1))
      (rotate (xyz 0 0 0))
    )
  )

  (module footprints:C_0402 (layer F.Cu) (tedit 579485CC) (tstamp 5D0A40C7)
    (at 188.7 108 270)
    (descr "Capacitor SMD 0402, reflow soldering, AVX (see smccp.pdf)")
    (tags "capacitor 0402")
    (path /5CF846EC/5CFBE2A2)
    (attr smd)
    (fp_text reference C4 (at 0.127 -1.0414 90) (layer Eco2.User)
      (effects (font (size 0.5 0.5) (thickness 0.04)))
    )
    (fp_text value "100 nF" (at 0 0.9906 90) (layer Eco2.User) hide
      (effects (font (size 0.5 0.5) (thickness 0.04)))
    )
    (fp_line (start -0.0635 -0.254) (end 0.0635 -0.254) (layer F.SilkS) (width 0.2032))
    (fp_line (start -0.0635 0.254) (end 0.0635 0.254) (layer F.SilkS) (width 0.2032))
    (fp_line (start 0 -0.1016) (end 0 0.1016) (layer F.CrtYd) (width 0.05))
    (fp_line (start -0.1016 0) (end 0.1016 0) (layer F.CrtYd) (width 0.05))
    (fp_line (start -0.9525 0.508) (end -0.9525 -0.508) (layer F.CrtYd) (width 0.05))
    (fp_line (start 0.9398 0.508) (end -0.9525 0.508) (layer F.CrtYd) (width 0.05))
    (fp_line (start 0.9398 -0.508) (end 0.9398 0.508) (layer F.CrtYd) (width 0.05))
    (fp_line (start -0.9525 -0.508) (end 0.9398 -0.508) (layer F.CrtYd) (width 0.05))
    (pad 2 smd rect (at 0.4826 0 270) (size 0.4572 0.508) (layers F.Cu F.Paste F.Mask)
      (net 2 GND))
    (pad 1 smd rect (at -0.4826 0 270) (size 0.4572 0.508) (layers F.Cu F.Paste F.Mask)
      (net 1 +3V3))
    (model ${KIPRJMOD}/packages3d/C_0402.wrl
      (at (xyz 0 0 0))
      (scale (xyz 1 1 1))
      (rotate (xyz 0 0 0))
    )
  )

  (module footprints:C_0402 (layer F.Cu) (tedit 579485CC) (tstamp 5D0A40D5)
    (at 181.1 83.5 270)
    (descr "Capacitor SMD 0402, reflow soldering, AVX (see smccp.pdf)")
    (tags "capacitor 0402")
    (path /5CF846EC/5D191B3C)
    (attr smd)
    (fp_text reference C5 (at 0.127 -1.0414 90) (layer Eco2.User)
      (effects (font (size 0.5 0.5) (thickness 0.04)))
    )
    (fp_text value "100 nF" (at 0 0.9906 90) (layer Eco2.User) hide
      (effects (font (size 0.5 0.5) (thickness 0.04)))
    )
    (fp_line (start -0.9525 -0.508) (end 0.9398 -0.508) (layer F.CrtYd) (width 0.05))
    (fp_line (start 0.9398 -0.508) (end 0.9398 0.508) (layer F.CrtYd) (width 0.05))
    (fp_line (start 0.9398 0.508) (end -0.9525 0.508) (layer F.CrtYd) (width 0.05))
    (fp_line (start -0.9525 0.508) (end -0.9525 -0.508) (layer F.CrtYd) (width 0.05))
    (fp_line (start -0.1016 0) (end 0.1016 0) (layer F.CrtYd) (width 0.05))
    (fp_line (start 0 -0.1016) (end 0 0.1016) (layer F.CrtYd) (width 0.05))
    (fp_line (start -0.0635 0.254) (end 0.0635 0.254) (layer F.SilkS) (width 0.2032))
    (fp_line (start -0.0635 -0.254) (end 0.0635 -0.254) (layer F.SilkS) (width 0.2032))
    (pad 1 smd rect (at -0.4826 0 270) (size 0.4572 0.508) (layers F.Cu F.Paste F.Mask)
      (net 3 Power))
    (pad 2 smd rect (at 0.4826 0 270) (size 0.4572 0.508) (layers F.Cu F.Paste F.Mask)
      (net 2 GND))
    (model ${KIPRJMOD}/packages3d/C_0402.wrl
      (at (xyz 0 0 0))
      (scale (xyz 1 1 1))
      (rotate (xyz 0 0 0))
    )
  )

  (module footprints:C_0402 (layer F.Cu) (tedit 579485CC) (tstamp 5D0A40E3)
    (at 183.2 82.9 270)
    (descr "Capacitor SMD 0402, reflow soldering, AVX (see smccp.pdf)")
    (tags "capacitor 0402")
    (path /5CF846EC/5D191FAD)
    (attr smd)
    (fp_text reference C6 (at 0.127 -1.0414 90) (layer Eco2.User)
      (effects (font (size 0.5 0.5) (thickness 0.04)))
    )
    (fp_text value "100 nF" (at 0 0.9906 90) (layer Eco2.User) hide
      (effects (font (size 0.5 0.5) (thickness 0.04)))
    )
    (fp_line (start -0.0635 -0.254) (end 0.0635 -0.254) (layer F.SilkS) (width 0.2032))
    (fp_line (start -0.0635 0.254) (end 0.0635 0.254) (layer F.SilkS) (width 0.2032))
    (fp_line (start 0 -0.1016) (end 0 0.1016) (layer F.CrtYd) (width 0.05))
    (fp_line (start -0.1016 0) (end 0.1016 0) (layer F.CrtYd) (width 0.05))
    (fp_line (start -0.9525 0.508) (end -0.9525 -0.508) (layer F.CrtYd) (width 0.05))
    (fp_line (start 0.9398 0.508) (end -0.9525 0.508) (layer F.CrtYd) (width 0.05))
    (fp_line (start 0.9398 -0.508) (end 0.9398 0.508) (layer F.CrtYd) (width 0.05))
    (fp_line (start -0.9525 -0.508) (end 0.9398 -0.508) (layer F.CrtYd) (width 0.05))
    (pad 2 smd rect (at 0.4826 0 270) (size 0.4572 0.508) (layers F.Cu F.Paste F.Mask)
      (net 2 GND))
    (pad 1 smd rect (at -0.4826 0 270) (size 0.4572 0.508) (layers F.Cu F.Paste F.Mask)
      (net 3 Power))
    (model ${KIPRJMOD}/packages3d/C_0402.wrl
      (at (xyz 0 0 0))
      (scale (xyz 1 1 1))
      (rotate (xyz 0 0 0))
    )
  )

  (module footprints:C_0402 (layer F.Cu) (tedit 579485CC) (tstamp 5D0A40F1)
    (at 155.3 83.4 270)
    (descr "Capacitor SMD 0402, reflow soldering, AVX (see smccp.pdf)")
    (tags "capacitor 0402")
    (path /5CF846EC/5CFD4A6A)
    (attr smd)
    (fp_text reference C7 (at -1.524 0 90) (layer Eco2.User)
      (effects (font (size 0.5 0.5) (thickness 0.04)))
    )
    (fp_text value "100 nF" (at 0 0.9906 90) (layer Eco2.User) hide
      (effects (font (size 0.5 0.5) (thickness 0.04)))
    )
    (fp_line (start -0.9525 -0.508) (end 0.9398 -0.508) (layer F.CrtYd) (width 0.05))
    (fp_line (start 0.9398 -0.508) (end 0.9398 0.508) (layer F.CrtYd) (width 0.05))
    (fp_line (start 0.9398 0.508) (end -0.9525 0.508) (layer F.CrtYd) (width 0.05))
    (fp_line (start -0.9525 0.508) (end -0.9525 -0.508) (layer F.CrtYd) (width 0.05))
    (fp_line (start -0.1016 0) (end 0.1016 0) (layer F.CrtYd) (width 0.05))
    (fp_line (start 0 -0.1016) (end 0 0.1016) (layer F.CrtYd) (width 0.05))
    (fp_line (start -0.0635 0.254) (end 0.0635 0.254) (layer F.SilkS) (width 0.2032))
    (fp_line (start -0.0635 -0.254) (end 0.0635 -0.254) (layer F.SilkS) (width 0.2032))
    (pad 1 smd rect (at -0.4826 0 270) (size 0.4572 0.508) (layers F.Cu F.Paste F.Mask)
      (net 3 Power))
    (pad 2 smd rect (at 0.4826 0 270) (size 0.4572 0.508) (layers F.Cu F.Paste F.Mask)
      (net 2 GND))
    (model ${KIPRJMOD}/packages3d/C_0402.wrl
      (at (xyz 0 0 0))
      (scale (xyz 1 1 1))
      (rotate (xyz 0 0 0))
    )
  )

  (module footprints:C_0402 (layer F.Cu) (tedit 579485CC) (tstamp 5D0A40FF)
    (at 153.5 82.9 270)
    (descr "Capacitor SMD 0402, reflow soldering, AVX (see smccp.pdf)")
    (tags "capacitor 0402")
    (path /5CF846EC/5CFD4C0A)
    (attr smd)
    (fp_text reference C8 (at -1.524 0 90) (layer Eco2.User)
      (effects (font (size 0.5 0.5) (thickness 0.04)))
    )
    (fp_text value "100 nF" (at 0 0.9906 90) (layer Eco2.User) hide
      (effects (font (size 0.5 0.5) (thickness 0.04)))
    )
    (fp_line (start -0.0635 -0.254) (end 0.0635 -0.254) (layer F.SilkS) (width 0.2032))
    (fp_line (start -0.0635 0.254) (end 0.0635 0.254) (layer F.SilkS) (width 0.2032))
    (fp_line (start 0 -0.1016) (end 0 0.1016) (layer F.CrtYd) (width 0.05))
    (fp_line (start -0.1016 0) (end 0.1016 0) (layer F.CrtYd) (width 0.05))
    (fp_line (start -0.9525 0.508) (end -0.9525 -0.508) (layer F.CrtYd) (width 0.05))
    (fp_line (start 0.9398 0.508) (end -0.9525 0.508) (layer F.CrtYd) (width 0.05))
    (fp_line (start 0.9398 -0.508) (end 0.9398 0.508) (layer F.CrtYd) (width 0.05))
    (fp_line (start -0.9525 -0.508) (end 0.9398 -0.508) (layer F.CrtYd) (width 0.05))
    (pad 2 smd rect (at 0.4826 0 270) (size 0.4572 0.508) (layers F.Cu F.Paste F.Mask)
      (net 2 GND))
    (pad 1 smd rect (at -0.4826 0 270) (size 0.4572 0.508) (layers F.Cu F.Paste F.Mask)
      (net 3 Power))
    (model ${KIPRJMOD}/packages3d/C_0402.wrl
      (at (xyz 0 0 0))
      (scale (xyz 1 1 1))
      (rotate (xyz 0 0 0))
    )
  )

  (module footprints:C_0402 (layer F.Cu) (tedit 579485CC) (tstamp 5D0A410D)
    (at 170.5 102)
    (descr "Capacitor SMD 0402, reflow soldering, AVX (see smccp.pdf)")
    (tags "capacitor 0402")
    (path /5CF846EC/5CFF2E38)
    (attr smd)
    (fp_text reference C9 (at 0.127 -1.0414) (layer Eco2.User)
      (effects (font (size 0.5 0.5) (thickness 0.04)))
    )
    (fp_text value "100 nF" (at 0 0.9906) (layer Eco2.User) hide
      (effects (font (size 0.5 0.5) (thickness 0.04)))
    )
    (fp_line (start -0.9525 -0.508) (end 0.9398 -0.508) (layer F.CrtYd) (width 0.05))
    (fp_line (start 0.9398 -0.508) (end 0.9398 0.508) (layer F.CrtYd) (width 0.05))
    (fp_line (start 0.9398 0.508) (end -0.9525 0.508) (layer F.CrtYd) (width 0.05))
    (fp_line (start -0.9525 0.508) (end -0.9525 -0.508) (layer F.CrtYd) (width 0.05))
    (fp_line (start -0.1016 0) (end 0.1016 0) (layer F.CrtYd) (width 0.05))
    (fp_line (start 0 -0.1016) (end 0 0.1016) (layer F.CrtYd) (width 0.05))
    (fp_line (start -0.0635 0.254) (end 0.0635 0.254) (layer F.SilkS) (width 0.2032))
    (fp_line (start -0.0635 -0.254) (end 0.0635 -0.254) (layer F.SilkS) (width 0.2032))
    (pad 1 smd rect (at -0.4826 0) (size 0.4572 0.508) (layers F.Cu F.Paste F.Mask)
      (net 1 +3V3))
    (pad 2 smd rect (at 0.4826 0) (size 0.4572 0.508) (layers F.Cu F.Paste F.Mask)
      (net 2 GND))
    (model ${KIPRJMOD}/packages3d/C_0402.wrl
      (at (xyz 0 0 0))
      (scale (xyz 1 1 1))
      (rotate (xyz 0 0 0))
    )
  )

  (module footprints:C_0402 (layer F.Cu) (tedit 579485CC) (tstamp 5D0A411B)
    (at 154 88.2 90)
    (descr "Capacitor SMD 0402, reflow soldering, AVX (see smccp.pdf)")
    (tags "capacitor 0402")
    (path /5CF846EC/5CFF271A)
    (attr smd)
    (fp_text reference C10 (at 0.127 -1.0414 90) (layer Eco2.User)
      (effects (font (size 0.5 0.5) (thickness 0.04)))
    )
    (fp_text value "100 nF" (at 0 0.9906 90) (layer Eco2.User) hide
      (effects (font (size 0.5 0.5) (thickness 0.04)))
    )
    (fp_line (start -0.0635 -0.254) (end 0.0635 -0.254) (layer F.SilkS) (width 0.2032))
    (fp_line (start -0.0635 0.254) (end 0.0635 0.254) (layer F.SilkS) (width 0.2032))
    (fp_line (start 0 -0.1016) (end 0 0.1016) (layer F.CrtYd) (width 0.05))
    (fp_line (start -0.1016 0) (end 0.1016 0) (layer F.CrtYd) (width 0.05))
    (fp_line (start -0.9525 0.508) (end -0.9525 -0.508) (layer F.CrtYd) (width 0.05))
    (fp_line (start 0.9398 0.508) (end -0.9525 0.508) (layer F.CrtYd) (width 0.05))
    (fp_line (start 0.9398 -0.508) (end 0.9398 0.508) (layer F.CrtYd) (width 0.05))
    (fp_line (start -0.9525 -0.508) (end 0.9398 -0.508) (layer F.CrtYd) (width 0.05))
    (pad 2 smd rect (at 0.4826 0 90) (size 0.4572 0.508) (layers F.Cu F.Paste F.Mask)
      (net 2 GND))
    (pad 1 smd rect (at -0.4826 0 90) (size 0.4572 0.508) (layers F.Cu F.Paste F.Mask)
      (net 1 +3V3))
    (model ${KIPRJMOD}/packages3d/C_0402.wrl
      (at (xyz 0 0 0))
      (scale (xyz 1 1 1))
      (rotate (xyz 0 0 0))
    )
  )

  (module footprints:C_0603 (layer F.Cu) (tedit 579482E5) (tstamp 5D0A4129)
    (at 155.1 90.7 90)
    (descr "Capacitor SMD 0603, reflow soldering, AVX (see smccp.pdf)")
    (tags "capacitor 0603")
    (path /5CF846EC/5D1C53A2)
    (attr smd)
    (fp_text reference C11 (at 0.2032 -0.9652 90) (layer Eco2.User)
      (effects (font (size 0.5 0.5) (thickness 0.04)))
    )
    (fp_text value "100 nF" (at 0 0.9906 90) (layer Eco2.User) hide
      (effects (font (size 0.5 0.5) (thickness 0.04)))
    )
    (fp_line (start -0.1016 0) (end 0.1016 0) (layer F.CrtYd) (width 0.05))
    (fp_line (start 0 -0.1016) (end 0 0.1016) (layer F.CrtYd) (width 0.05))
    (fp_line (start 1.1938 -0.6096) (end 1.1938 0.6096) (layer F.CrtYd) (width 0.05))
    (fp_line (start -1.1684 -0.6096) (end -1.1684 0.6096) (layer F.CrtYd) (width 0.05))
    (fp_line (start -1.1684 0.6096) (end 1.1938 0.6096) (layer F.CrtYd) (width 0.05))
    (fp_line (start -1.1684 -0.6096) (end 1.1938 -0.6096) (layer F.CrtYd) (width 0.05))
    (fp_line (start -0.2032 0.4318) (end 0.2032 0.4318) (layer F.SilkS) (width 0.2032))
    (fp_line (start -0.2032 -0.4064) (end 0.2032 -0.4064) (layer F.SilkS) (width 0.2032))
    (pad 1 smd rect (at -0.6731 0 90) (size 0.6604 0.8128) (layers F.Cu F.Paste F.Mask)
      (net 4 "Net-(C11-Pad1)"))
    (pad 2 smd rect (at 0.6731 0 90) (size 0.6604 0.8128) (layers F.Cu F.Paste F.Mask)
      (net 5 "Net-(C11-Pad2)"))
    (model ${KIPRJMOD}/packages3d/C_0603.wrl
      (at (xyz 0 0 0))
      (scale (xyz 1 1 1))
      (rotate (xyz 0 0 0))
    )
  )

  (module footprints:C_0402 (layer F.Cu) (tedit 579485CC) (tstamp 5D0A4137)
    (at 153.1 90.8826 90)
    (descr "Capacitor SMD 0402, reflow soldering, AVX (see smccp.pdf)")
    (tags "capacitor 0402")
    (path /5CF846EC/5D1C561D)
    (attr smd)
    (fp_text reference C12 (at 0.127 -1.0414 90) (layer Eco2.User)
      (effects (font (size 0.5 0.5) (thickness 0.04)))
    )
    (fp_text value "100 nF" (at 0 0.9906 90) (layer Eco2.User) hide
      (effects (font (size 0.5 0.5) (thickness 0.04)))
    )
    (fp_line (start -0.9525 -0.508) (end 0.9398 -0.508) (layer F.CrtYd) (width 0.05))
    (fp_line (start 0.9398 -0.508) (end 0.9398 0.508) (layer F.CrtYd) (width 0.05))
    (fp_line (start 0.9398 0.508) (end -0.9525 0.508) (layer F.CrtYd) (width 0.05))
    (fp_line (start -0.9525 0.508) (end -0.9525 -0.508) (layer F.CrtYd) (width 0.05))
    (fp_line (start -0.1016 0) (end 0.1016 0) (layer F.CrtYd) (width 0.05))
    (fp_line (start 0 -0.1016) (end 0 0.1016) (layer F.CrtYd) (width 0.05))
    (fp_line (start -0.0635 0.254) (end 0.0635 0.254) (layer F.SilkS) (width 0.2032))
    (fp_line (start -0.0635 -0.254) (end 0.0635 -0.254) (layer F.SilkS) (width 0.2032))
    (pad 1 smd rect (at -0.4826 0 90) (size 0.4572 0.508) (layers F.Cu F.Paste F.Mask)
      (net 4 "Net-(C11-Pad1)"))
    (pad 2 smd rect (at 0.4826 0 90) (size 0.4572 0.508) (layers F.Cu F.Paste F.Mask)
      (net 5 "Net-(C11-Pad2)"))
    (model ${KIPRJMOD}/packages3d/C_0402.wrl
      (at (xyz 0 0 0))
      (scale (xyz 1 1 1))
      (rotate (xyz 0 0 0))
    )
  )

  (module footprints:C_0402 (layer F.Cu) (tedit 579485CC) (tstamp 5D0A4145)
    (at 147.996 84.646 90)
    (descr "Capacitor SMD 0402, reflow soldering, AVX (see smccp.pdf)")
    (tags "capacitor 0402")
    (path /5CF846EC/5D1C8F7F)
    (attr smd)
    (fp_text reference C13 (at 0.127 -1.0414 90) (layer Eco2.User)
      (effects (font (size 0.5 0.5) (thickness 0.04)))
    )
    (fp_text value "100 nF" (at 0 0.9906 90) (layer Eco2.User) hide
      (effects (font (size 0.5 0.5) (thickness 0.04)))
    )
    (fp_line (start -0.9525 -0.508) (end 0.9398 -0.508) (layer F.CrtYd) (width 0.05))
    (fp_line (start 0.9398 -0.508) (end 0.9398 0.508) (layer F.CrtYd) (width 0.05))
    (fp_line (start 0.9398 0.508) (end -0.9525 0.508) (layer F.CrtYd) (width 0.05))
    (fp_line (start -0.9525 0.508) (end -0.9525 -0.508) (layer F.CrtYd) (width 0.05))
    (fp_line (start -0.1016 0) (end 0.1016 0) (layer F.CrtYd) (width 0.05))
    (fp_line (start 0 -0.1016) (end 0 0.1016) (layer F.CrtYd) (width 0.05))
    (fp_line (start -0.0635 0.254) (end 0.0635 0.254) (layer F.SilkS) (width 0.2032))
    (fp_line (start -0.0635 -0.254) (end 0.0635 -0.254) (layer F.SilkS) (width 0.2032))
    (pad 1 smd rect (at -0.4826 0 90) (size 0.4572 0.508) (layers F.Cu F.Paste F.Mask)
      (net 6 +1V2))
    (pad 2 smd rect (at 0.4826 0 90) (size 0.4572 0.508) (layers F.Cu F.Paste F.Mask)
      (net 2 GND))
    (model ${KIPRJMOD}/packages3d/C_0402.wrl
      (at (xyz 0 0 0))
      (scale (xyz 1 1 1))
      (rotate (xyz 0 0 0))
    )
  )

  (module footprints:C_0402 (layer F.Cu) (tedit 579485CC) (tstamp 5D0A4153)
    (at 150.79 84.646 90)
    (descr "Capacitor SMD 0402, reflow soldering, AVX (see smccp.pdf)")
    (tags "capacitor 0402")
    (path /5CF846EC/5D1C8CF2)
    (attr smd)
    (fp_text reference C14 (at 0.127 -1.0414 90) (layer Eco2.User)
      (effects (font (size 0.5 0.5) (thickness 0.04)))
    )
    (fp_text value "100 nF" (at 0 0.9906 90) (layer Eco2.User) hide
      (effects (font (size 0.5 0.5) (thickness 0.04)))
    )
    (fp_line (start -0.0635 -0.254) (end 0.0635 -0.254) (layer F.SilkS) (width 0.2032))
    (fp_line (start -0.0635 0.254) (end 0.0635 0.254) (layer F.SilkS) (width 0.2032))
    (fp_line (start 0 -0.1016) (end 0 0.1016) (layer F.CrtYd) (width 0.05))
    (fp_line (start -0.1016 0) (end 0.1016 0) (layer F.CrtYd) (width 0.05))
    (fp_line (start -0.9525 0.508) (end -0.9525 -0.508) (layer F.CrtYd) (width 0.05))
    (fp_line (start 0.9398 0.508) (end -0.9525 0.508) (layer F.CrtYd) (width 0.05))
    (fp_line (start 0.9398 -0.508) (end 0.9398 0.508) (layer F.CrtYd) (width 0.05))
    (fp_line (start -0.9525 -0.508) (end 0.9398 -0.508) (layer F.CrtYd) (width 0.05))
    (pad 2 smd rect (at 0.4826 0 90) (size 0.4572 0.508) (layers F.Cu F.Paste F.Mask)
      (net 2 GND))
    (pad 1 smd rect (at -0.4826 0 90) (size 0.4572 0.508) (layers F.Cu F.Paste F.Mask)
      (net 6 +1V2))
    (model ${KIPRJMOD}/packages3d/C_0402.wrl
      (at (xyz 0 0 0))
      (scale (xyz 1 1 1))
      (rotate (xyz 0 0 0))
    )
  )

  (module footprints:C_0402 (layer F.Cu) (tedit 579485CC) (tstamp 5D0A4161)
    (at 153.4 85.7 90)
    (descr "Capacitor SMD 0402, reflow soldering, AVX (see smccp.pdf)")
    (tags "capacitor 0402")
    (path /5CF846EC/5D1C878A)
    (attr smd)
    (fp_text reference C15 (at 0.127 -1.0414 90) (layer Eco2.User)
      (effects (font (size 0.5 0.5) (thickness 0.04)))
    )
    (fp_text value "100 nF" (at 0 0.9906 90) (layer Eco2.User) hide
      (effects (font (size 0.5 0.5) (thickness 0.04)))
    )
    (fp_line (start -0.9525 -0.508) (end 0.9398 -0.508) (layer F.CrtYd) (width 0.05))
    (fp_line (start 0.9398 -0.508) (end 0.9398 0.508) (layer F.CrtYd) (width 0.05))
    (fp_line (start 0.9398 0.508) (end -0.9525 0.508) (layer F.CrtYd) (width 0.05))
    (fp_line (start -0.9525 0.508) (end -0.9525 -0.508) (layer F.CrtYd) (width 0.05))
    (fp_line (start -0.1016 0) (end 0.1016 0) (layer F.CrtYd) (width 0.05))
    (fp_line (start 0 -0.1016) (end 0 0.1016) (layer F.CrtYd) (width 0.05))
    (fp_line (start -0.0635 0.254) (end 0.0635 0.254) (layer F.SilkS) (width 0.2032))
    (fp_line (start -0.0635 -0.254) (end 0.0635 -0.254) (layer F.SilkS) (width 0.2032))
    (pad 1 smd rect (at -0.4826 0 90) (size 0.4572 0.508) (layers F.Cu F.Paste F.Mask)
      (net 6 +1V2))
    (pad 2 smd rect (at 0.4826 0 90) (size 0.4572 0.508) (layers F.Cu F.Paste F.Mask)
      (net 2 GND))
    (model ${KIPRJMOD}/packages3d/C_0402.wrl
      (at (xyz 0 0 0))
      (scale (xyz 1 1 1))
      (rotate (xyz 0 0 0))
    )
  )

  (module footprints:C_0402 (layer F.Cu) (tedit 579485CC) (tstamp 5D0A416F)
    (at 155.6 85.9826 90)
    (descr "Capacitor SMD 0402, reflow soldering, AVX (see smccp.pdf)")
    (tags "capacitor 0402")
    (path /5CF846EC/5D1C7BBD)
    (attr smd)
